BST结点文件: BSTdata4.txt
symOrder: 13 15 16 17 21 23 25 27 35 36 38 40 44 46 49 53 55 58 67 73 77 81 83 87
preOrder: 40 35 21 15 13 17 16 23 27 25 38 36 81 44 53 49 46 67 55 58 73 77 87 83
删除哪个结点[0表示结束]: 55
sR:key=55 node=40
sL:key=55 node=81
sR:key=55 node=44
sR:key=55 node=53
sL:key=55 node=67
d:parent=67 node=55
1L
symOrder: 13 15 16 17 21 23 25 27 35 36 38 40 44 46 49 53 58 67 73 77 81 83 87
preOrder: 40 35 21 15 13 17 16 23 27 25 38 36 81 44 53 49 46 67 58 73 77 87 83
删除哪个结点[0表示结束]: 15
sL:key=15 node=40
sL:key=15 node=35
sL:key=15 node=21
d:parent=21 node=15
2L
symOrder: 13 16 17 21 23 25 27 35 36 38 40 44 46 49 53 58 67 73 77 81 83 87
preOrder: 40 35 21 13 17 16 23 27 25 38 36 81 44 53 49 46 67 58 73 77 87 83
删除哪个结点[0表示结束]: 27
sL:key=27 node=40
sL:key=27 node=35
sR:key=27 node=21
sR:key=27 node=23
d:parent=23 node=27
2R
symOrder: 13 16 17 21 23 25 35 36 38 40 44 46 49 53 58 67 73 77 81 83 87
preOrder: 40 35 21 13 17 16 23 25 38 36 81 44 53 49 46 67 58 73 77 87 83
删除哪个结点[0表示结束]: 53
sR:key=53 node=40
sL:key=53 node=81
sR:key=53 node=44
d:parent=44 node=53
2R
symOrder: 13 16 17 21 23 25 35 36 38 40 44 46 49 58 67 73 77 81 83 87
preOrder: 40 35 21 13 17 16 23 25 38 36 81 44 49 46 67 58 73 77 87 83